  File: /data/mephi-web
  Size: 4096      	Blocks: 8          IO Block: 4096   directory
Device: 8,17	Inode: 2           Links: 3
Access: (2775/drwxrwsr-x)  Uid: ( 1001/mephi-admin)   Gid: ( 1002/mephi-devs)
Context: system_u:object_r:httpd_sys_content_t:s0
Access: 2026-04-07 10:08:36.109735874 +0200
Modify: 2026-04-07 10:32:21.580158384 +0200
Change: 2026-04-07 10:32:21.580158384 +0200
 Birth: 2026-03-31 11:42:10.000000000 +0200
